   91  ENERGY = -31.6  Ath_18S
    1 G       0    2   10    1
    2 C       1    3    9    2
    3 T       2    4    8    3
    4 A       3    5    0    4
    5 A       4    6    0    5
    6 C       5    7    0    6
    7 T       6    8    0    7
    8 A       7    9    3    8
    9 G       8   10    2    9
   10 C       9   11    1   10
   11 T      10   12    0   11
   12 A      11   13    0   12
   13 C      12   14   32   13
   14 G      13   15   31   14
   15 T      14   16   30   15
   16 G      15   17   29   16
   17 G      16   18   28   17
   18 A      17   19   27   18
   19 G      18   20   26   19
   20 G      19   21   25   20
   21 C      20   22    0   21
   22 A      21   23    0   22
   23 T      22   24    0   23
   24 C      23   25    0   24
   25 C      24   26   20   25
   26 C      25   27   19   26
   27 T      26   28   18   27
   28 T      27   29   17   28
   29 C      28   30   16   29
   30 A      29   31   15   30
   31 C      30   32   14   31
   32 G      31   33   13   32
   33 G      32   34   82   33
   34 C      33   35   81   34
   35 C      34   36   80   35
   36 G      35   37   76   36
   37 G      36   38   75   37
   38 C      37   39   74   38
   39 T      38   40   73   39
   40 T      39   41   72   40
   41 C      40   42   71   41
   42 T      41   43   70   42
   43 T      42   44   69   43
   44 A      43   45    0   44
   45 G      44   46    0   45
   46 A      45   47    0   46
   47 G      46   48    0   47
   48 G      47   49    0   48
   49 G      48   50    0   49
   50 A      49   51    0   50
   51 C      50   52    0   51
   52 T      51   53    0   52
   53 A      52   54    0   53
   54 T      53   55   68   54
   55 G      54   56   67   55
   56 G      55   57   66   56
   57 C      56   58   65   57
   58 C      57   59   64   58
   59 G      58   60    0   59
   60 T      59   61    0   60
   61 T      60   62    0   61
   62 T      61   63    0   62
   63 A      62   64    0   63
   64 G      63   65   58   64
   65 G      64   66   57   65
   66 C      65   67   56   66
   67 C      66   68   55   67
   68 A      67   69   54   68
   69 A      68   70   43   69
   70 G      69   71   42   70
   71 G      70   72   41   71
   72 A      71   73   40   72
   73 A      72   74   39   73
   74 G      73   75   38   74
   75 T      74   76   37   75
   76 T      75   77   36   76
   77 T      76   78    0   77
   78 G      77   79    0   78
   79 A      78   80    0   79
   80 G      79   81   35   80
   81 G      80   82   34   81
   82 C      81   83   33   82
   83 A      82   84    0   83
   84 A      83   85    0   84
   85 T      84   86    0   85
   86 A      85   87    0   86
   87 A      86   88    0   87
   88 C      87   89    0   88
   89 A      88   90    0   89
   90 G      89   91    0   90
   91 G      90    0    0   91
   91  ENERGY = -31.1  Ath_18S
    1 G       0    2    0    1
    2 C       1    3    0    2
    3 T       2    4    0    3
    4 A       3    5    0    4
    5 A       4    6    0    5
    6 C       5    7    0    6
    7 T       6    8    0    7
    8 A       7    9   39    8
    9 G       8   10   38    9
   10 C       9   11   37   10
   11 T      10   12   36   11
   12 A      11   13    0   12
   13 C      12   14   32   13
   14 G      13   15   31   14
   15 T      14   16   30   15
   16 G      15   17   29   16
   17 G      16   18   28   17
   18 A      17   19   27   18
   19 G      18   20   26   19
   20 G      19   21   25   20
   21 C      20   22    0   21
   22 A      21   23    0   22
   23 T      22   24    0   23
   24 C      23   25    0   24
   25 C      24   26   20   25
   26 C      25   27   19   26
   27 T      26   28   18   27
   28 T      27   29   17   28
   29 C      28   30   16   29
   30 A      29   31   15   30
   31 C      30   32   14   31
   32 G      31   33   13   32
   33 G      32   34    0   33
   34 C      33   35    0   34
   35 C      34   36    0   35
   36 G      35   37   11   36
   37 G      36   38   10   37
   38 C      37   39    9   38
   39 T      38   40    8   39
   40 T      39   41    0   40
   41 C      40   42   80   41
   42 T      41   43   79   42
   43 T      42   44   78   43
   44 A      43   45   77   44
   45 G      44   46   76   45
   46 A      45   47   75   46
   47 G      46   48    0   47
   48 G      47   49    0   48
   49 G      48   50    0   49
   50 A      49   51    0   50
   51 C      50   52   70   51
   52 T      51   53   69   52
   53 A      52   54    0   53
   54 T      53   55   68   54
   55 G      54   56   67   55
   56 G      55   57   66   56
   57 C      56   58   65   57
   58 C      57   59   64   58
   59 G      58   60    0   59
   60 T      59   61    0   60
   61 T      60   62    0   61
   62 T      61   63    0   62
   63 A      62   64    0   63
   64 G      63   65   58   64
   65 G      64   66   57   65
   66 C      65   67   56   66
   67 C      66   68   55   67
   68 A      67   69   54   68
   69 A      68   70   52   69
   70 G      69   71   51   70
   71 G      70   72    0   71
   72 A      71   73    0   72
   73 A      72   74    0   73
   74 G      73   75    0   74
   75 T      74   76   46   75
   76 T      75   77   45   76
   77 T      76   78   44   77
   78 G      77   79   43   78
   79 A      78   80   42   79
   80 G      79   81   41   80
   81 G      80   82    0   81
   82 C      81   83    0   82
   83 A      82   84    0   83
   84 A      83   85    0   84
   85 T      84   86    0   85
   86 A      85   87    0   86
   87 A      86   88    0   87
   88 C      87   89    0   88
   89 A      88   90    0   89
   90 G      89   91    0   90
   91 G      90    0    0   91
   91  ENERGY = -28.5  Ath_18S
    1 G       0    2   82    1
    2 C       1    3   81    2
    3 T       2    4   80    3
    4 A       3    5    0    4
    5 A       4    6    0    5
    6 C       5    7    0    6
    7 T       6    8    0    7
    8 A       7    9   76    8
    9 G       8   10   75    9
   10 C       9   11   74   10
   11 T      10   12   73   11
   12 A      11   13    0   12
   13 C      12   14   32   13
   14 G      13   15   31   14
   15 T      14   16   30   15
   16 G      15   17   29   16
   17 G      16   18   28   17
   18 A      17   19   27   18
   19 G      18   20   26   19
   20 G      19   21   25   20
   21 C      20   22    0   21
   22 A      21   23    0   22
   23 T      22   24    0   23
   24 C      23   25    0   24
   25 C      24   26   20   25
   26 C      25   27   19   26
   27 T      26   28   18   27
   28 T      27   29   17   28
   29 C      28   30   16   29
   30 A      29   31   15   30
   31 C      30   32   14   31
   32 G      31   33   13   32
   33 G      32   34    0   33
   34 C      33   35   49   34
   35 C      34   36   48   35
   36 G      35   37    0   36
   37 G      36   38    0   37
   38 C      37   39   45   38
   39 T      38   40   44   39
   40 T      39   41    0   40
   41 C      40   42    0   41
   42 T      41   43    0   42
   43 T      42   44    0   43
   44 A      43   45   39   44
   45 G      44   46   38   45
   46 A      45   47    0   46
   47 G      46   48    0   47
   48 G      47   49   35   48
   49 G      48   50   34   49
   50 A      49   51    0   50
   51 C      50   52   71   51
   52 T      51   53   70   52
   53 A      52   54    0   53
   54 T      53   55   68   54
   55 G      54   56   67   55
   56 G      55   57   66   56
   57 C      56   58   65   57
   58 C      57   59   64   58
   59 G      58   60    0   59
   60 T      59   61    0   60
   61 T      60   62    0   61
   62 T      61   63    0   62
   63 A      62   64    0   63
   64 G      63   65   58   64
   65 G      64   66   57   65
   66 C      65   67   56   66
   67 C      66   68   55   67
   68 A      67   69   54   68
   69 A      68   70    0   69
   70 G      69   71   52   70
   71 G      70   72   51   71
   72 A      71   73    0   72
   73 A      72   74   11   73
   74 G      73   75   10   74
   75 T      74   76    9   75
   76 T      75   77    8   76
   77 T      76   78    0   77
   78 G      77   79    0   78
   79 A      78   80    0   79
   80 G      79   81    3   80
   81 G      80   82    2   81
   82 C      81   83    1   82
   83 A      82   84    0   83
   84 A      83   85    0   84
   85 T      84   86    0   85
   86 A      85   87    0   86
   87 A      86   88    0   87
   88 C      87   89    0   88
   89 A      88   90    0   89
   90 G      89   91    0   90
   91 G      90    0    0   91
