1	0.0
2	0.11309561083
5	0.628690973329
6	0.479906074642
7	0.102631619096
9	0.0
10	0.434378189774
14	0.0807132307206
16	0.0
26	0.359209156119
31	0.648363725715
32	1.00111919062
33	1.04262692243
35	0.755897037378
36	0.819932067068
38	0.455162779021
39	1.20773264872
41	0.0
44	0.296441851982
46	0.37547834061
47	0.357493014857
48	0.0258046929258
49	0.0
52	0.505600332852
55	0.215493760216
56	0.137308939841
59	0.0
61	0.327508086131
63	0.0
65	0.0
67	0.110060629173
68	0.144925722316
70	0.181195205113
71	0.198697622929
75	0.430508890438
76	0.615380473507
77	0.413085955445
78	0.213399108191
79	0.970869271469
80	0.940875618616
81	0.816055880816
82	0.400666932367
83	0.0
84	0.0368366876912
85	0.0
87	0.982940202181
88	0.0152093127598
91	0.772061687224
95	0.524486960169
96	1.14258931334
100	0.772909687503
101	0.350161317332
